20742166
20742170
20742171
20742180
20742181
20742182
20742183
20578360
20578361
20578362
20578363
20578364
20578365
20578366
20578367
20381853
20381855
20381856
20381858
20381860
20381864
20381867
20381874
20381880
20021493
20021494
20382022
20021791
20021792
20021794
20021796
20021797
20021798
20021799
20021800
20021801
20021826
20021827
20382348
20382355
20382357
20382358
20382364
20382367
20382368
20382380
20382381
20382399
20382912
20382915
20384054
20023774
20023775
20023776
20023777
20023778
20023779
20023780
20023781
20023782
20023783
20023784
20023785
20023786
20023787
20023788
20023789
20023790
20023791
20023792
20023793
20023794
20023795
20023796
20023797
20023798
20023799
20023800
20023801
20023802
20023803
20384353
20155086
20024212
20024313
20024314
20024315
20024316
20352579
20025003
20025210
20025211
20025212
20025213
20025214
20025215
20025216
20025217
20025218
20025219
20025220
20352910
20025406
20385933
20385946
20025584
20025586
20025587
20025589
20025590
20025591
20025592
20025593
20025594
20025595
20025596
20025597
20025598
20025599
20025600
20025601
20025602
20025603
20025604
20026000
20026001
20026002
20746945
20714339
20714340
20714341
20714342
20714343
20714344
20714345
20714346
20714347
20714348
20714349
20714350
20714351
20714352
20714353
20714354
20714355
20714356
20714357
20386735
20386743
20386790
20386793
20386802
20386805
20386808
20386810
20386812
20386813
20386850
20026423
20026424
20026612
20387302
20387307
20027003
20027004
20027005
20027006
20027007
20453051
20387757
20027603
20027619
20027620
20027621
20027622
20027623
20027624
20027625
20027626
20027627
20027628
20027629
20027630
20027631
20027632
20027633
20027634
20027635
20027636
20027637
20027638
20027639
20027640
20027641
20027642
20027643
20027644
20027645
20027646
20027647
20027648
20027649
20027650
20027651
20027652
20027653
20027654
20027655
20027656
20027657
20027658
20027659
20027660
20027661
20027662
20027663
20027664
20027665
20224274
20027667
20027668
20027669
20027670
20027671
20027666
20027859
20027860
20027895
20027896
20027897
20027898
20027899
20027900
20027901
20027902
20028693
20028694
20028754
20028755
20651447
20651448
20651449
20651450
20651451
20651452
20651453
20651454
20422235
20422237
20029279
20029280
20029281
20029282
20029283
20029287
20029288
20029289
20029290
20029291
20029292
20029293
20029294
20029295
20029296
20029297
20029298
20029299
20029301
20029302
20029303
20029304
20029309
20029310
20029311
20029312
20029313
20029314
20029315
20029316
20029317
20029318
20029320
20029321
20029322
20029323
20029324
20029326
20029327
20029328
20029329
20029330
20029331
20029332
20029333
20029334
20029335
20029336
20029337
20029338
20029339
20029340
20029341
20029342
20029343
20029344
20029345
20029346
20029347
20029348
20029349
20029350
20029351
20029352
20029353
20029354
20029355
20029356
20029357
20029358
20029359
20029360
20029361
20029362
20029363
20029364
20029365
20029366
20029367
20029368
20029369
20029370
20029372
20029373
20029374
20029375
20029376
20029377
20029379
20029380
20029381
20029382
20029383
20029384
20029385
20029386
20029387
20029388
20029389
20029390
20029391
20029393
20029394
20029395
20029396
20029397
20029398
20029399
20029400
20029401
20029402
20029403
20029404
20029405
20029406
20029407
20029408
20029409
20029410
20029411
20029412
20029413
20029414
20029415
20029416
20029417
20029418
20029419
20029420
20029421
20029422
20029423
20029424
20029425
20029426
20029427
20029428
20029429
20029430
20029431
20029432
20455408
20029627
20029628
20029629
20029630
20029631
20029632
20029633
20029634
20029744
20750697
20029821
20029823
20390481
20424087
20326362
20326363
20588625
20261143
20003306
20003307
20003308
20003309
20003310
20003311
20000000
20000001
20000002
20000003
20000004
20000005
20000006
20000007
20000008
20000009
20000010
20000011
20000012
20000013
20000014
20000015
20000016
20000017
20000018
20000019
20000020
20000021
20000022
20000023
20000024
20000025
20000026
20000027
20000028
20000029
20000030
20000031
20000032
20000033
20000034
20000035
20000036
20000037
20000038
20000039
20000040
20000041
20000042
20000043
20000044
20000045
20000046
20000047
20000048
20000049
20000050
20000051
20000052
20000053
20000054
20000055
20000056
20000057
20000058
20000059
20000060
20000061
20000062
20000063
20000064
20000065
20000066
20000067
20000068
20000069
20000070
20000071
20000072
20000073
20000074
20000075
20000076
20000077
20000078
20000079
20000080
20000081
20000082
20000083
20000084
20000085
20000086
20000087
20000088
20000089
20000090
20000091
20000092
20000093
20000094
20000095
20000096
20000097
20000098
20000099
20000100
20000101
20000102
20000103
20000104
20000105
20000106
20000107
20000108
20000109
20000110
20000111
20000112
20000113
20000114
20000115
20000116
20000117
20000118
20000119
20000120
20000121
20000122
20000123
20000124
20000125
20000126
20000127
20000128
20000129
20000130
20000131
20000132
20000133
20000134
20000135
20000136
20000137
20000138
20000139
20000140
20000141
20000142
20000143
20000144
20000145
20000146
20000147
20000148
20000149
20000150
20000151
20000152
20000153
20000154
20000155
20000156
20000157
20000158
20000159
20000160
20000161
20000162
20000163
20000164
20000165
20000166
20000167
20000168
20000169
20000170
20000171
20000172
20000173
20000174
20000175
20000176
20000177
20000178
20000179
20000180
20000181
20000182
20000183
20000184
20000185
20000186
20000187
20000188
20000189
20000190
20000191
20000192
20000193
20000194
20000195
20000196
20000197
20000198
20000199
20000200
20000201
20000202
20000203
20000204
20000205
20000206
20000207
20000208
20000209
20000210
20000211
20000212
20000213
20000214
20000215
20000216
20000217
20000218
20000219
20000220
20000221
20000222
20000223
20000224
20000225
20000226
20000227
20000228
20000229
20000230
20000231
20000232
20000233
20000234
20000235
20000236
20000237
20000238
20000239
20000240
20000241
20000242
20000243
20000244
20000245
20000246
20000247
20000248
20000249
20000250
20000251
20000252
20000253
20000254
20000255
20000256
20000257
20000258
20000259
20000260
20000261
20000262
20000263
20000264
20000265
20000266
20000267
20000268
20000269
20000270
20000271
20000272
20000273
20000274
20000275
20000276
20000277
20000278
20000279
20000280
20000281
20000282
20000283
20000284
20000285
20000286
20000287
20000288
20000289
20000290
20000291
20000292
20000293
20000294
20000295
20000296
20000297
20000298
20000299
20000300
20000301
20000302
20000303
20000304
20000305
20000306
20000307
20000308
20000309
20000310
20000311
20000312
20000313
20000314
20000315
20000316
20000317
20000318
20000319
20000320
20000321
20000322
20000323
20000324
20000325
20000326
20000327
20000328
20000329
20000330
20000331
20000332
20000333
20000334
20000335
20000336
20000337
20000338
20000339
20000340
20000341
20000342
20000343
20000344
20000345
20000346
20000347
20000348
20000349
20000350
20000351
20000352
20000353
20000354
20000355
20000356
20000357
20000358
20000359
20000360
20000361
20000362
20000363
20000364
20000365
20000366
20000367
20000368
20000369
20000370
20000371
20000372
20000373
20000374
20000375
20000376
20000377
20000378
20000379
20000380
20000381
20000382
20000383
20000384
20000385
20000386
20000387
20000388
20000389
20000390
20000391
20000392
20000393
20000394
20000395
20000396
20000397
20000398
20000399
20000400
20000401
20000402
20000403
20000404
20000405
20000406
20000407
20000408
20000409
20000410
20000411
20000412
20000413
20000414
20000415
20000416
20000417
20000418
20000419
20000420
20000421
20000422
20000423
20000424
20000425
20000426
20000427
20000428
20000429
20000430
20000431
20000432
20000433
20000434
20000435
20000436
20000437
20000438
20000439
20000440
20000441
20000442
20000443
20000444
20000445
20000446
20000447
20000448
20000449
20000450
20000451
20000452
20000453
20000454
20000455
20000456
20000457
20000458
20000459
20000460
20000461
20000462
20000463
20000464
20000465
20000466
20000467
20000468
20000469
20000470
20000471
20000472
20000473
20000474
20000475
20000476
20000477
20000478
20000479
20000480
20000481
20000482
20000483
20000484
20000485
20000486
20000487
20000488
20000489
20000490
20000491
20000492
20000493
20000494
20000495
20000496
20000497
20000498
20000499
20000500
20000501
20000502
20000503
20000504
20000505
20000506
20000507
20000508
20000509
20000510
20000511
20000512
20000513
20000514
20000515
20000516
20000517
20000518
20000519
20000520
20000521
20000522
20000523
20000524
20000525
20000526
20000527
20000528
20000529
20000530
20000531
20000532
20000533
20000534
20000535
20000536
20000537
20000538
20000539
20000540
20000541
20000542
20000543
20000544
20000545
20000546
20000547
20000548
20000549
20000550
20000551
20000552
20000553
20000554
20000555
20000556
20000557
20000558
20000559
20000560
20000561
20000562
20000563
20000564
20000565
20000566
20000567
20000568
20000569
20000570
20000571
20000572
20000573
20000574
20000575
20262719
20000576
20000577
20000578
20000579
20000580
20000581
20000582
20000583
20000584
20000585
20000586
20000587
20000588
20000589
20000590
20000591
20000592
20000594
20000595
20000593
20000596
20000598
20000599
20000597
20000600
20000602
20000601
20000603
20000604
20000606
20000607
20000608
20000609
20000610
20000611
20000612
20000613
20000614
20000615
20000616
20000617
20000618
20000619
20000620
20000621
20000622
20000623
20000624
20000625
20000626
20000627
20000628
20000629
20000630
20000631
20000632
20000633
20000634
20000635
20000636
20000637
20000638
20000639
20000640
20000641
20000642
20000643
20000644
20000645
20000646
20000647
20000648
20000649
20000650
20000651
20000652
20000653
20000654
20000655
20000656
20000657
20000658
20000659
20000660
20000661
20000662
20000663
20000664
20000665
20000666
20000667
20000668
20000669
20000670
20000671
20000672
20000673
20000674
20000675
20000676
20000677
20000678
20000679
20000680
20000681
20000682
20000683
20000684
20000685
20000686
20000687
20000688
20000689
20000690
20000691
20000692
20000693
20000694
20000695
20000696
20000697
20000698
20000699
20000700
20000701
20000702
20000703
20000704
20000705
20000706
20000707
20000708
20000709
20000710
20000711
20000712
20000713
20000714
20000715
20000716
20000717
20000718
20000719
20000720
20000721
20000722
20000723
20000724
20000725
20000726
20000727
20000728
20000729
20000730
20000731
20000732
20000733
20000734
20000735
20000736
20000737
20000738
20000739
20000740
20000741
20000742
20000743
20000744
20000745
20000746
20000747
20000748
20000749
20000750
20000751
20000752
20000753
20000754
20000755
20000756
20000757
20000758
20000759
20000760
20000761
20000762
20000763
20000764
20000765
20000766
20000767
20000768
20000769
20000770
20000771
20000772
20000773
20000774
20000775
20000776
20000777
20000778
20000779
20000780
20000781
20000782
20000783
20000784
20000785
20000786
20000787
20000788
20000789
20000790
20000791
20000792
20000793
20000794
20000795
20000796
20000797
20000798
20000799
20000800
20000801
20000802
20000803
20000804
20000805
20000806
20000807
20000808
20000809
20000810
20000811
20000812
20000813
20000814
20000815
20000816
20000817
20000818
20000819
20000820
20000821
20000822
20000823
20000824
20000825
20000826
20000827
20000828
20000829
20000830
20000831
20000832
20000833
20000834
20000835
20000836
20000837
20000838
20000839
20000840
20000841
20000842
20000843
20000844
20000845
20000846
20000847
20000848
20000849
20000850
20000851
20000852
20000853
20000854
20000855
20000856
20000857
20000858
20000859
20000860
20000861
20000862
20000863
20000864
20000865
20000866
20000867
20000868
20000869
20000870
20000871
20000872
20000873
20000874
20000875
20000876
20000877
20000878
20000879
20000880
20000881
20000882
20000883
20000884
20000885
20000886
20000887
20000888
20000889
20000890
20000891
20000892
20000893
20000894
20000895
20000896
20000897
20000898
20000899
20000900
20000901
20000902
20000903
20000904
20000905
20000906
20000907
20000908
20000909
20000910
20000911
20000912
20000913
20000914
20000915
20000916
20000917
20000918
20000919
20000920
20000921
20000922
20000923
20000924
20000925
20000926
20000927
20000928
20000929
20000930
20000931
20000932
20000933
20000934
20000935
20000936
20000937
20000938
20000939
20000940
20000941
20000942
20000943
20000944
20000945
20000946
20000947
20000948
20000949
20000950
20000951
20000952
20000953
20000954
20000955
20000956
20000957
20000958
20000959
20000960
20000961
20000962
20000963
20000964
20000965
20000966
20000967
20000968
20000969
20000970
20000971
20000972
20000973
20000974
20000975
20000976
20000977
20000978
20000979
20000980
20000981
20000982
20000983
20000984
20000985
20000986
20000987
20000988
20000989
20000990
20000991
20000992
20000993
20000994
20000995
20000996
20000997
20000998
20000999
20001000
20001001
20001002
20001003
20001004
20001005
20001006
20001007
20001008
20001009
20001010
20001011
20001012
20001013
20001014
20001015
20001016
20001017
20001018
20001019
20001020
20001021
20001022
20001023
20001024
20001025
20001026
20001027
20001028
20001029
20001030
20001031
20001032
20001033
20001034
20001035
20001036
20001037
20001038
20001039
20001040
20001041
20001042
20001043
20001044
20001045
20001046
20001047
20001048
20001049
20001050
20721947
20001052
20001053
20001054
20001055
20001056
20001057
20001058
20001059
20001060
20001061
20001062
20001063
20001064
20001065
20001066
20001067
20001068
20001069
20001070
20001071
20001072
20001073
20001074
20001075
20001076
20001077
20001078
20001079
20001080
20001081
20001082
20001083
20001084
20001085
20001086
20001087
20001088
20001089
20001090
20001091
20001092
20001093
20001094
20001095
20001096
20001097
20001098
20001099
20001100
20001101
20001102
20001103
20001104
20001105
20001106
20001107
20001108
20001109
20001110
20001111
20001112
20001113
20001114
20001115
20001116
20001117
20001118
20001119
20001120
20001121
20001122
20001123
20001124
20001125
20001126
20001127
20001128
20001129
20001130
20001131
20001132
20001133
20001134
20001135
20001136
20001137
20001138
20001139
20001140
20001141
20001142
20001143
20001144
20001145
20001146
20001147
20001148
20001149
20001150
20001151
20001152
20001153
20001154
20001155
20001156
20001157
20001158
20001159
20001160
20001161
20001162
20001163
20001164
20001165
20001166
20001167
20001168
20001169
20001170
20001171
20001172
20001173
20001174
20001175
20001176
20001177
20001178
20001179
20001180
20001181
20001182
20001183
20001184
20001185
20001186
20001187
20001188
20001189
20001190
20001191
20001192
20001193
20001194
20001195
20001196
20001197
20001198
20001199
20001200
20001201
20001202
20001203
20001204
20001205
20001206
20001207
20001208
20001209
20001210
20001211
20001212
20001213
20001214
20001215
20001216
20001217
20001218
20001219
20001220
20001221
20001222
20001223
20001224
20001225
20001226
20001227
20001228
20001229
20001230
20001231
20001232
20001233
20001234
20001235
20001236
20001237
20001238
20001239
20001240
20001241
20001242
20001243
20001244
20001245
20001246
20001247
20001248
20001249
20001250
20001251
20001252
20001253
20001254
20001255
20001256
20001257
20001258
20001259
20001260
20001261
20001262
20001263
20001264
20001265
20001266
20001267
20001268
20001269
20001270
20001271
20001272
20001273
20001274
20001275
20001276
20001277
20001278
20001279
20001280
20001281
20001282
20001283
20001284
20001285
20001286
20001287
20001288
20001289
20001290
20001291
20001292
20001293
20001294
20001295
20001296
20001297
20001298
20001299
20001300
20001301
20001302
20001303
20001304
20001305
20001306
20001307
20001308
20001309
20001310
20001311
20001312
20001313
20001314
20001315
20001316
20001317
20001318
20001319
20001320
20001321
20001322
20001323
20001324
20001325
20001326
20001327
20001328
20001329
20001330
20001331
20001332
20001333
20001334
20001335
20001336
20001337
20001338
20001339
20001340
20001341
20001342
20001343
20001344
20001345
20001346
20001347
20001348
20001349
20001350
20001351
20001352
20001353
20001354
20001355
20001356
20001357
20001358
20001359
20001360
20001361
20001362
20001363
20001364
20001365
20001366
20001367
20001368
20001369
20001370
20001371
20001372
20001373
20001374
20001375
20001376
20001377
20001378
20001379
20001380
20001381
20001382
20001383
20001384
20001385
20001386
20001387
20001388
20001389
20001390
20001391
20001392
20001393
20001394
20001395
20001396
20001397
20001398
20001399
20001400
20001401
20001402
20001403
20001404
20001405
20001406
20001407
20001408
20001409
20001410
20001411
20001412
20001413
20001414
20001415
20001416
20001417
20001418
20001419
20001420
20001421
20001422
20001423
20001424
20001425
20001426
20001427
20001428
20001429
20001430
20001431
20001432
20001433
20001434
20001435
20001436
20001437
20001438
20001439
20001440
20001441
20001442
20001443
20001444
20001445
20001446
20001447
20001448
20001449
20001450
20001451
20001452
20001453
20001454
20001455
20001456
20001457
20001458
20001459
20001460
20001461
20001462
20001463
20001464
20001465
20001466
20001467
20001468
20001469
20001470
20001471
20001472
20001473
20001474
20001475
20001476
20001477
20001478
20001479
20001480
20001481
20001482
20001483
20001484
20001485
20001486
20001487
20001488
20001489
20001490
20001491
20001492
20001493
20001494
20001495
20001496
20001497
20001498
20001499
20001500
20001501
20001502
20001503
20001504
20001505
20001506
20001507
20001508
20001509
20001510
20001511
20001512
20001513
20001514
20001515
20001516
20001517
20001518
20001519
20001520
20001521
20001522
20001523
20001524
20001525
20001526
20001527
20001528
20001529
20001530
20001531
20001532
20001533
20001534
20001535
20001536
20001537
20001538
20001539
20001540
20001541
20001542
20001543
20001544
20001545
20001546
20001547
20001548
20001549
20001550
20001551
20001552
20001553
20001554
20001555
20001556
20001557
20001558
20001559
20001560
20001561
20001562
20001563
20001564
20001565
20001566
20001567
20001568
20001569
20001570
20001571
20001572
20001573
20001574
20001575
20001576
20001577
20001578
20001579
20001580
20001581
20001582
20001583
20001584
20001585
20001586
20001587
20001588
20001589
20001590
20001591
20001592
20001593
20001594
20001595
20001596
20001597
20001598
20001599
20001600
20001601
20001602
20001603
20001604
20001605
20001606
20001607
20001608
20001609
20001610
20001611
20001612
20001613
20001614
20001615
20001616
20001617
20001618
20001619
20001620
20001621
20001622
20001623
20001624
20001625
20001626
20001627
20001628
20001629
20001630
20001631
20001632
20001633
20001634
20001635
20001636
20001637
20001638
20001639
20001640
20001641
20001642
20001643
20001644
20001645
20001646
20001647
20001648
20001649
20001650
20001651
20001652
20001653
20001654
20001655
20001656
20001657
20001658
20001659
20001660
20001661
20001662
20001663
20001664
20001665
20001666
20001667
20001668
20001669
20001670
20001671
20001672
20001673
20001674
20001675
20001676
20001677
20001678
20001679
20001680
20001681
20001682
20001683
20001684
20001685
20001686
20001687
20001688
20001689
20001690
20001691
20001692
20001693
20001694
20001695
20001696
20001697
20001698
20001699
20001700
20001701
20001702
20001703
20001704
20001705
20001706
20001707
20001708
20001709
20001710
20001711
20001712
20001713
20001714
20001715
20001716
20001717
20001718
20001719
20001720
20001721
20001722
20001723
20001724
20001725
20001726
20001727
20001728
20001729
20001730
20001731
20001732
20001733
20001734
20001735
20001736
20001737
20001738
20001739
20001740
20001741
20001742
20001743
20001744
20001745
20001746
20001747
20001748
20001749
20001750
20001751
20001752
20001753
20001754
20001755
20001756
20001757
20001758
20001759
20001760
20001761
20001762
20001763
20001764
20001765
20001766
20001767
20001768
20001769
20001770
20001771
20001772
20001773
20001774
20001775
20001776
20001777
20001778
20001779
20001780
20001781
20001782
20001783
20001784
20001785
20001786
20001787
20001788
20001789
20001790
20001791
20001792
20001793
20001794
20001795
20001796
20001797
20001798
20001799
20001800
20001801
20001802
20001803
20001804
20001805
20001806
20001807
20001808
20001809
20001810
20001811
20001812
20001813
20001814
20001815
20001816
20001817
20001818
20001819
20001820
20001821
20001822
20001823
20001824
20001825
20001826
20001827
20001828
20001829
20001830
20001831
20001832
20001833
20001834
20001835
20001836
20001837
20001838
20001839
20001840
20001841
20001842
20001843
20001844
20001845
20001846
20001847
20001848
20001849
20001850
20001851
20001852
20001853
20001854
20001855
20001856
20001857
20001858
20001859
20001860
20001861
20001862
20001863
20001864
20001865
20001866
20001867
20001868
20001869
20001870
20001871
20001872
20001873
20001874
20001875
20001876
20001877
20001878
20001879
20001880
20001881
20001882
20001883
20001884
20001885
20001886
20001887
20001888
20001889
20001890
20001891
20001892
20001893
20001894
20001895
20001896
20001897
20001898
20001899
20001900
20001901
20001902
20001903
20001904
20001905
20001906
20001907
20001908
20001909
20001910
20001911
20001912
20001913
20001914
20001915
20001916
20001917
20001918
20001919
20001920
20001921
20001922
20001923
20001924
20001925
20001926
20001927
20001928
20001929
20001930
20001931
20001932
20001933
20001934
20001935
20001936
20001937
20001938
20001939
20001940
20001941
20001942
20001943
20001944
20001945
20001946
20001947
20001948
20001949
20001950
20001951
20001952
20001953
20001954
20001955
20001956
20001957
20001958
20001959
20001960
20001961
20001962
20001963
20001964
20001965
20001966
20001967
20001968
20001969
20001970
20001971
20001972
20001973
20001974
20001975
20001976
20001977
20001978
20001979
20001980
20001981
20001982
20001983
20001984
20001985
20001986
20001987
20001988
20001989
20001990
20001991
20001992
20001993
20001994
20001995
20001996
20001997
20001998
20001999
20002000
20002001
20002002
20002003
20002004
20002005
20002006
20002007
20002008
20002009
20002010
20002011
20002012
20002013
20002014
20002015
20002016
20002017
20002018
20002019
20002020
20002021
20002022
20002023
20002024
20002025
20002026
20002027
20002028
20002029
20002030
20002031
20002032
20002033
20002034
20002035
20002036
20002037
20002038
20002039
20002040
20002041
20002042
20002043
20002044
20002045
20002046
20002047
20002048
20002049
20002050
20002051
20002052
20002053
20002054
20002055
20002056
20002057
20002058
20002059
20002060
20002061
20002062
20002063
20002064
20002065
20002066
20002067
20002068
20002069
20002070
20002071
20002072
20002073
20002074
20002075
20002076
20002077
20002078
20002079
20002080
20002081
20002082
20002083
20002084
20002085
20002086
20002087
20002088
20002089
20002090
20002091
20002092
20002093
20002094
20002095
20002096
20002097
20002098
20002099
20002100
20002101
20002102
20002103
20002104
20002105
20002106
20002107
20002108
20002109
20002110
20002111
20002112
20002113
20002114
20002115
20002116
20002117
20002118
20002119
20002120
20002121
20002122
20002123
20002124
20002125
20002126
20002127
20002128
20002129
20002130
20002131
20002132
20002133
20002134
20002135
20002136
20002137
20002138
20002139
20002140
20002141
20002142
20002143
20002144
20002145
20002146
20002147
20002148
20002149
20002150
20002151
20002152
20002153
20002154
20002155
20002156
20002157
20002158
20002159
20002160
20002161
20002162
20002163
20002164
20002165
20002166
20002167
20002168
20002169
20002170
20002171
20002172
20002173
20002174
20002175
20002176
20002177
20002178
20002179
20002180
20002181
20002182
20002183
20002184
20002185
20002186
20002187
20002188
20002189
20002190
20002191
20002192
20002193
20002194
20002195
20002196
20002197
20002198
20002199
20002200
20002201
20002202
20002203
20002204
20002205
20002206
20002207
20002208
20002209
20002210
20002211
20002212
20002213
20002214
20002215
20002216
20002217
20002218
20002219
20002220
20002221
20002222
20002223
20002224
20002225
20002226
20002227
20002228
20002229
20002230
20002231
20002232
20002233
20002234
20002235
20002236
20002237
20002238
20002239
20002240
20002241
20002242
20002243
20002244
20002245
20002246
20002247
20002248
20002249
20002250
20002251
20002252
20002253
20002254
20002255
20002256
20002257
20002258
20002259
20002260
20002261
20002262
20002263
20002264
20002265
20002266
20002267
20002268
20002269
20002270
20002271
20002272
20002273
20002274
20002275
20002276
20002277
20002278
20002279
20002280
20002281
20002282
20002283
20002284
20002285
20002286
20002287
20002288
20002289
20002290
20002291
20002292
20002293
20002294
20002295
20002296
20002297
20002298
20002299
20002300
20002301
20002302
20002303
20002304
20002305
20002306
20002307
20002308
20002309
20002310
20002311
20002312
20002313
20002314
20002315
20002316
20002317
20002318
20002319
20002320
20002321
20002322
20002323
20002324
20002325
20002326
20002327
20002328
20002329
20002330
20002331
20002332
20002333
20002334
20002335
20002336
20002337
20002338
20002339
20002340
20002341
20002342
20002343
20002344
20002345
20002346
20002347
20002348
20002349
20002350
20002351
20002352
20002353
20002354
20002355
20002356
20002357
20002358
20002359
20002360
20002361
20002362
20002363
20002364
20002365
20002366
20002367
20002368
20002369
20002370
20002371
20002372
20002373
20002374
20002375
20002376
20002377
20002378
20002379
20002380
20002381
20002382
20002383
20002384
20002385
20002386
20002387
20002388
20002389
20002390
20002391
20002392
20002393
20002394
20002395
20002396
20002397
20002398
20002399
20002400
20002401
20002402
20002403
20002404
20002405
20002406
20002407
20002408
20002409
20002410
20002411
20002412
20002413
20002414
20002415
20002416
20002417
20002418
20002419
20002420
20002421
20002422
20002423
20002424
20002425
20002426
20002427
20002428
20002429
20002430
20002431
20002432
20002433
20002434
20002435
20002436
20002437
20002438
20002439
20002440
20002441
20002442
20002443
20002444
20002445
20002446
20002447
20002448
20002449
20002450
20002451
20002452
20002453
20002454
20002455
20002456
20002457
20002458
20002459
20002460
20002461
20002462
20002463
20002464
20002465
20002466
20002467
20002468
20002469
20002470
20002471
20002472
20002473
20002474
20002475
20002476
20002477
20002478
20002479
20002480
20002481
20002482
20002483
20002484
20002485
20002486
20002487
20002488
20002489
20002490
20002491
20002492
20002493
20002494
20002495
20002496
20002497
20002498
20002499
20002500
20002501
20002502
20002503
20002504
20002505
20002506
20002507
20002508
20002509
20002510
20002511
20002512
20002513
20002514
20002515
20002516
20002517
20002518
20002519
20002520
20002521
20002522
20002523
20002524
20002525
20002526
20002527
20002528
20002529
20002530
20002531
20002532
20002533
20002534
20002535
20002536
20002537
20002538
20002539
20002540
20002541
20002542
20002543
20002544
20002545
20002546
20002547
20002548
20002549
20002550
20002551
20002552
20002553
20002554
20002555
20002556
20002557
20002558
20002559
20002560
20002561
20002562
20002563
20002564
20002565
20002566
20002567
20002568
20002569
20002570
20002571
20002572
20002573
20002574
20002575
20002576
20002577
20002578
20002579
20002580
20002581
20002582
20002583
20002584
20002585
20002586
20002587
20002588
20002589
20002590
20002591
20002592
20002593
20002594
20002595
20002596
20002597
20002598
20002599
20002600
20002601
20002602
20002603
20002604
20002605
20002606
20002607
20002608
20002609
20002610
20002611
20002612
20002613
20002614
20002615
20002616
20002617
20002618
20002619
20002620
20002621
20002622
20002623
20002624
20002625
20002626
20002627
20002628
20002629
20002630
20002631
20002632
20002633
20002634
20002635
20002636
20002637
20002638
20002639
20002640
20002641
20002642
20002643
20002644
20002645
20002646
20002647
20002648
20002649
20002650
20002651
20002652
20002653
20002654
20002655
20002656
20002657
20002658
20002659
20002660
20002661
20002662
20002663
20002664
20002665
20002666
20002667
20002668
20002669
20002670
20002671
20002672
20002673
20002674
20002675
20002676
20002677
20002678
20002679
20002680
20002681
20002682
20002683
20002684
20002685
20002686
20002687
20002688
20002689
20002690
20002691
20002692
20002693
20002694
20002695
20002696
20002697
20002698
20002699
20002700
20002701
20002702
20002703
20002704
20002705
20002706
20002707
20002708
20002709
20002710
20002711
20002712
20002713
20002714
20002715
20002716
20002717
20002718
20002719
20002720
20002721
20002722
20002723
20002724
20002725
20002726
20002727
20002728
20002729
20002730
20002731
20002732
20002733
20002734
20002735
20002736
20002737
20002738
20002739
20002740
20002741
20002742
20002743
20002744
20002745
20002746
20002747
20002748
20002749
20002750
20002751
20002752
20002753
20002754
20002755
20002756
20002757
20002758
20002759
20002760
20002761
20002762
20002763
20002764
20002765
20002766
20002767
20002768
20002769
20002770
20002771
20002772
20002773
20002774
20002775
20002776
20002777
20002778
20002779
20002780
20002781
20002782
20002783
20002784
20002785
20002786
20002787
20002788
20002789
20002790
20002791
20002792
20002793
20002794
20002795
20002796
20002797
20002798
20002799
20002800
20002801
20002802
20002803
20002804
20002805
20002806
20002807
20002808
20002809
20002810
20002811
20002812
20002813
20002814
20002815
20002816
20002817
20002818
20002819
20002820
20002821
20002822
20002823
20002824
20002825
20002826
20002827
20002828
20002829
20002830
20002831
20002832
20002833
20002834
20002835
20002836
20002837
20002838
20002839
20002840
20002841
20002842
20002843
20002844
20002845
20002846
20002847
20002848
20002849
20002850
20002851
20002852
20002853
20002854
20002855
20002856
20002857
20002858
20002859
20002860
20002861
20002862
20002863
20002864
20002865
20002866
20002867
20002868
20002869
20002870
20002871
20002872
20002873
20002874
20002875
20002876
20002877
20002878
20002879
20002880
20002881
20002882
20002883
20002884
20002885
20002886
20002887
20002888
20002889
20002890
20002891
20002892
20002893
20002894
20002895
20002896
20002897
20002898
20002899
20002900
20002901
20002902
20002903
20002904
20002905
20002906
20002907
20002908
20002909
20002910
20002911
20002912
20002913
20002914
20002915
20002916
20002917
20002918
20002919
20002920
20002921
20002922
20002923
20002924
20002925
20002926
20002927
20002928
20002929
20002930
20002931
20002932
20002933
20002934
20002935
20002936
20002937
20002938
20002939
20002940
20002941
20002942
20002943
20002944
20002945
20002946
20002947
20002948
20002949
20002950
20002951
20002952
20002953
20002954
20002955
20002956
20002957
20002958
20002959
20002960
20002961
20002962
20002963
20002964
20002965
20002966
20002967
20002968
20002969
20002970
20002971
20002972
20002973
20002974
20002975
20002976
20002977
20002978
20002979
20002980
20002981
20002982
20002983
20002984
20002985
20002986
20002987
20002988
20002989
20002990
20002991
20002992
20002993
20002994
20002995
20002996
20002997
20002998
20002999
20003000
20003001
20003002
20003003
20003004
20003005
20003006
20003007
20003008
20003009
20003010
20003011
20003012
20003013
20003014
20003015
20003016
20003017
20003018
20003019
20003020
20003021
20003022
20003023
20003024
20003025
20003026
20003027
20003028
20003029
20003030
20003031
20003032
20003033
20003034
20003035
20003036
20003037
20003038
20003039
20003040
20003041
20003042
20003043
20003044
20003045
20003046
20003047
20003048
20003049
20003050
20003051
20003052
20003053
20003054
20003055
20003056
20003057
20003058
20003059
20003060
20003061
20003062
20003063
20003064
20003065
20003066
20003067
20003068
20003069
20003070
20003071
20003072
20003073
20003074
20003075
20003076
20003077
20003078
20003079
20003080
20003081
20003082
20003083
20003084
20003085
20003086
20003087
20003088
20003089
20003090
20003091
20003092
20003093
20003094
20003095
20003096
20003097
20003098
20003099
20003100
20003101
20003102
20003103
20003104
20003105
20003106
20003107
20003108
20003109
20003110
20003111
20003112
20003113
20003114
20003115
20003116
20003117
20003118
20003119
20003120
20003121
20003122
20003123
20003124
20003125
20003126
20003127
20003128
20003129
20003130
20003131
20003132
20003133
20003134
20003135
20003136
20003137
20003138
20003139
20003140
20003141
20003142
20003143
20003144
20003145
20003146
20003147
20003148
20003149
20003150
20003151
20003152
20003153
20003154
20003155
20003156
20003157
20003158
20003159
20003160
20003161
20003162
20003163
20003164
20003165
20003166
20003167
20003168
20003169
20003170
20003171
20003172
20003173
20003174
20003175
20003176
20003177
20003178
20003179
20003180
20003181
20003182
20003183
20003184
20003185
20003186
20003187
20003188
20003189
20003190
20003191
20003192
20003193
20003194
20003195
20003196
20003197
20003198
20003199
20003200
20003201
20003202
20003203
20003204
20003205
20003206
20003207
20003208
20003209
20003210
20003211
20003212
20003213
20003214
20003215
20003216
20003217
20003218
20003219
20003220
20003221
20003222
20003223
20003224
20003225
20003226
20003227
20003228
20003229
20003230
20003231
20003232
20003233
20003234
20003235
20003236
20003237
20003238
20003239
20003240
20003241
20003242
20003243
20003244
20003245
20003246
20003247
20003248
20003249
20003250
20003251
20003252
20003253
20003254
20003255
20003256
20003257
20003258
20003259
20003260
20003261
20003262
20003263
20003264
20003265
20003266
20003267
20003268
20003269
20003270
20003271
20003272
20003273
20003274
20003275
20003276
20003277
20003278
20003279
20003280
20003281
20003282
20003283
20003284
20003285
20003286
20003287
20003288
20003289
20003290
20003291
20003292
20003293
20003294
20003295
20003296
20003297
20003298
20003299
20494820
20494821
20494822
20003300
20003301
20494825
20494826
20003304
20494828
20003305
20003302
20003303
20003312
20003313
20003314
20003315
20003316
20003317
20003318
20003319
20003320
20003321
20003322
20003323
20003324
20003325
20003326
20003327
20003328
20003329
20003330
20003331
20003332
20003333
20003334
20003335
20003336
20003337
20003338
20003339
20003340
20003341
20003342
20003343
20003344
20003345
20003346
20003347
20003348
20003349
20003350
20003351
20003352
20003353
20003354
20003355
20003356
20003357
20003358
20003359
20003360
20003361
20003362
20003363
20003364
20003365
20003366
20003367
20003368
20003369
20003370
20003371
20003372
20003373
20003374
20003375
20003376
20003377
20003378
20003379
20003380
20003381
20003382
20003383
20003384
20003385
20003386
20003387
20003388
20003389
20003390
20003391
20003392
20003393
20003394
20003395
20003396
20003397
20003398
20003399
20003400
20003401
20003402
20003403
20003404
20003405
20003406
20003407
20003408
20003409
20003410
20003411
20003412
20003413
20003414
20003415
20003416
20003417
20003418
20003419
20003420
20003421
20003422
20003423
20003424
20003425
20003426
20003427
20003428
20003429
20003430
20003431
20003432
20003433
20003434
20003435
20003436
20003437
20003438
20003439
20003440
20003441
20003442
20003443
20003444
20003445
20003446
20003447
20003448
20003449
20003450
20003451
20003452
20003453
20003454
20003455
20003456
20003457
20003458
20003459
20003460
20003461
20003462
20003463
20003464
20003465
20003466
20003467
20003468
20003469
20003470
20003471
20003472
20003473
20003474
20003475
20003476
20003477
20003478
20003479
20003480
20003481
20003482
20003483
20003484
20003485
20003486
20003487
20003488
20003489
20003490
20003491
20003492
20003493
20003494
20003495
20003496
20003497
20003498
20003499
20003500
20003501
20003502
20003503
20003504
20003505
20003506
20003507
20003508
20003509
20003510
20003511
20003512
20003513
20003514
20003515
20003516
20003517
20003518
20003519
20003520
20003521
20003522
20003523
20003524
20003525
20003526
20003527
20003528
20003529
20003530
20003531
20003532
20003533
20003534
20003535
20003536
20003537
20003538
20003539
20003540
20003541
20003542
20003543
20003544
20003545
20003546
20003547
20003548
20003549
20003550
20003551
20003552
20003553
20003554
20003555
20003556
20003557
20003558
20003559
20003560
20003561
20003562
20003563
20003564
20003565
20003566
20003567
20003568
20003569
20003570
20003571
20003572
20003573
20003574
20003575
20003576
20003577
20003578
20003579
20003580
20003581
20003582
20003583
20003584
20003585
20003586
20003587
20003588
20003589
20003590
20003591
20003592
20003593
20003594
20003595
20003596
20003597
20003598
20003599
20003600
20003601
20003602
20003603
20003604
20003605
20003606
20003607
20003608
20003609
20003610
20003611
20003612
20003613
20003614
20003615
20003616
20003617
20003618
20003619
20003620
20003621
20003622
20003623
20003624
20003625
20003626
20003627
20003628
20003629
20003630
20003631
20003632
20003633
20003634
20003635
20003636
20003637
20003638
20003639
20003640
20003641
20003642
20003643
20003644
20003645
20003646
20003647
20003648
20003649
20003650
20003651
20003652
20003653
20003654
20003655
20003656
20003657
20003658
20003659
20003660
20003661
20003662
20003663
20003664
20003665
20003666
20003667
20003668
20003669
20003670
20003671
20003672
20003673
20003674
20003675
20003676
20003677
20003678
20003679
20003680
20003681
20003682
20003683
20003684
20003685
20003686
20003687
20003688
20003689
20003690
20003691
20003692
20003693
20003694
20003695
20003696
20003697
20003698
20003699
20003700
20003701
20003702
20003703
20003704
20003705
20003706
20003707
20003708
20003709
20003710
20003711
20003712
20003713
20003714
20003715
20003716
20003717
20003718
20003719
20003720
20003721
20003722
20003723
20003724
20003725
20003726
20003727
20003728
20003729
20003730
20003731
20003732
20003733
20003734
20003735
20003736
20003737
20003738
20003739
20003740
20003741
20003742
20003743
20003744
20003745
20003746
20003747
20003748
20003749
20003750
20003751
20003752
20003753
20003754
20003755
20003756
20003757
20003758
20003759
20003760
20003761
20003762
20003763
20003764
20003765
20003766
20003767
20003768
20003769
20003770
20003771
20003772
20003773
20003774
20003775
20003776
20003777
20003778
20003779
20003780
20003781
20003782
20003783
20003784
20003785
20003786
20003787
20003788
20003789
20003790
20003791
20003792
20003793
20003794
20003795
20003796
20003797
20003798
20003799
20003800
20003801
20003802
20003803
20003804
20003805
20003806
20003807
20003808
20003809
20003810
20003811
20003812
20003813
20003814
20003815
20003816
20003817
20003818
20003819
20003820
20003821
20003822
20003823
20003824
20003825
20003826
20003827
20003828
20003829
20003830
20003831
20003832
20003833
20003834
20003835
20003836
20003837
20003838
20003839
20003840
20003841
20003842
20003843
20003844
20003845
20003846
20003847
20003848
20003849
20003850
20003851
20003852
20003853
20003854
20003855
20003856
20003857
20003858
20003859
20003860
20003861
20003862
20003863
20003864
20003865
20003866
20003867
20003868
20003869
20003870
20003871
20003872
20003873
20003874
20003875
20003876
20003877
20003878
20003879
20003880
20003881
20003882
20003883
20003884
20003885
20003886
20003887
20003888
20003889
20003890
20003891
20003892
20003893
20003894
20003895
20003896
20003897
20003898
20003899
20003900
20003901
20003902
20003903
20003904
20003905
20003906
20003907
20003908
20003909
20003910
20003911
20003912
20003913
20003914
20003915
20003916
20003917
20003918
20003919
20003920
20003921
20003922
20003923
20003924
20003925
20003926
20003927
20003928
20003929
20003930
20003931
20003932
20003933
20003934
20003935
20003936
20003937
20003938
20003939
20003940
20003941
20003942
20003943
20003944
20003945
20003946
20003947
20003948
20003949
20003950
20003951
20003952
20003953
20003954
20003955
20003956
20003957
20003958
20003959
20003960
20003961
20003962
20003963
20003964
20003965
20003966
20003967
20003968
20003969
20003970
20003971
20003972
20003973
20003974
20003975
20003976
20003977
20003978
20003979
20003980
20003981
20003982
20003983
20003984
20003985
20003986
20003987
20003988
20003989
20003990
20003991
20003992
20003993
20003994
20003995
20003996
20003997
20003998
20003999
20004000
20004001
20004002
20004003
20004004
20004005
20004006
20004007
20004008
20004009
20004010
20004011
20004012
20004013
20004014
20004015
20004016
20004017
20004018
20004019
20004020
20004021
20004022
20004023
20004024
20004025
20004026
20004027
20004028
20004029
20004030
20004031
20004032
20004033
20004034
20004035
20004036
20004037
20004038
20004039
20004040
20004041
20004042
20004043
20004044
20004045
20004046
20004047
20004048
20004049
20004050
20004051
20004052
20004053
20004054
20004055
20004056
20004057
20004058
20004059
20004060
20004061
20004062
20004063
20004064
20004065
20004066
20004067
20004068
20004069
20004070
20004071
20004072
20004073
20004074
20004075
20004076
20004077
20004078
20004079
20004080
20004081
20004082
20004083
20004084
20004085
20004086
20004087
20004088
20004089
20757754
20004090
20004091
20004092
20004093
20004094
20004095
20004097
20004096
20004099
20004098
20004101
20004100
20004102
20004104
20004105
20004103
20004106
20004107
20004108
20004109
20004110
20004111
20004112
20004113
20004114
20004115
20004116
20004117
20004118
20004119
20004120
20004121
20004122
20004123
20004124
20004125
20004126
20004127
20004128
20004129
20004130
20004131
20004132
20004133
20004134
20004135
20004136
20004137
20004138
20004139
20004140
20004141
20004142
20004143
20004144
20004145
20004146
20004147
20004148
20004149
20004150
20004151
20004152
20004153
20004154
20004155
20004156
20004157
20004158
20004159
20004160
20004161
20004162
20004163
20004165
20004166
20004164
20004167
20004168
20004169
20004170
20004171
20004172
20004173
20004174
20004175
20004176
20004177
20004178
20004179
20004180
20004181
20004182
20004183
20004184
20004185
20004186
20004187
20004188
20004189
20004190
20004191
20004192
20004193
20004194
20004195
20004196
20004197
20004198
20004199
20004200
20004201
20004202
20004203
20004204
20004205
20004206
20004207
20004208
20004209
20004210
20004211
20004212
20004213
20004214
20004215
20004216
20004217
20004218
20004219
20004220
20004221
20004222
20004223
20004224
20004225
20004226
20004227
20004228
20004229
20004230
20004231
20004232
20004233
20004234
20004235
20004236
20004237
20004238
20004239
20004240
20004241
20004242
20004243
20004244
20004245
20004246
20004247
20004248
20004249
20004250
20004251
20004252
20004253
20004254
20004255
20004256
20004257
20004258
20004259
20725168
20725169
20725170
20725171
20725172
20725173
20725174
20725175
20725176
20725177
20725178
20725179
20725180
20725181
20725182
20725183
20725184
20004699
20004700
20004701
20004702
20004703
20004704
20004705
20004706
20004707
20004708
20004709
20004710
20004711
20004712
20004713
20004714
20004715
20004716
20004717
20004718
20004719
20004720
20004721
20004722
20005079
20497342
20497343
20497344
20497345
20497346
20497347
20006101
20006102
20039107
20006407
20006682
20006765
20006766
20006767
20006768
20006775
20006941
20006957
20006960
20006963
20006980
20006981
20006986
20006987
20006988
20006989
20007185
20007534
20007535
20007536
20007537
20007586
20007625
20007639
20007640
20007656
20007659
20007671
20007673
20007674
20007675
20007676
20007677
20564927
20564928
20564929
20564930
20564931
20564932
20564933
20564934
20564935
20564936
20532615
20754055
20008476
20008477
20008478
20008479
20172326
20008833
20008967
20762756
20762757
20762758
20762759
20762760
20762761
20762762
20762763
20762764
20762765
20762766
20762767
20762768
20762769
20762770
20009365
20009366
20009371
20009372
20009375
20009376
20009377
20009378
20009380
20009594
20009595
20009596
20009597
20566658
20075407
20010196
20534574
20600448
20600449
20600450
20600451
20600452
20600453
20600454
20600455
20600456
20600457
20600458
20600459
20600460
20600461
20600462
20600463
20600464
20600465
20600466
20600467
20600468
20600469
20600470
20600471
20600472
20600473
20600474
20600475
20600476
20600477
20600478
20600479
20600480
20600481
20600482
20600483
20600484
20600485
20600486
20600487
20600488
20600489
20600490
20600491
20600492
20600493
20600494
20600495
20600496
20600497
20600498
20600499
20600500
20698946
20011113
20011482
20011524
20396531
20437912
20437924
20437930
20438014
20438017
20438018
20438020
20438041
20012310
20012311
20012313
20012314
20012315
20012322
20012325
20012326
20012327
20012334
20012335
20012420
20504169
20504174
20012810
20046161
20046162
20046163
20046164
20177509
20177512
20177516
20177519
20177521
20177523
20014065
20014066
20014331
20014332
20014333
20014334
20014335
20014336
20178451
20047395
20407972
20494823
20494824
20494827
20657677
20657680
20015257
20015258
20016018
20016019
20016020
20016021
20016022
20016023
20016024
20016025
20016026
20016247
20442390
20016431
20016434
20016435
20016444
20344256
20344264
20344268
20344270
20344273
20344287
20344290
20344300
20017015
20017019
20017020
20017021
20017022
20017046
20017047
20017048
20017053
20017054
20017055
20017056
20017057
20017058
20017059
20017060
20017061
20017062
20017063
20017064
20017065
20017066
20017067
20017075
20017078
20017079
20017451
20345172
20345179
20017694
20017696
20017697
20017698
20017699
20017700
20017791
20411332
20411335
20411339
20018355
20018451
20018452
20018484
20018485
20018486
20018487
20018488
20018500
20018501
20018503
20018504
20018507
20018525
20018526
20018527
20018528
20018529
20018530
20018531
20018532
20018533
20018534
20018535
20018536
20018537
20018538
20018539
20018540
20018541
20018542
20018543
20000605
20019034
20019035
20019037
20019051
20019052
20019053
20019054
20019056
20625913
20625914
20019784
20019785
20019786
20019787
20019920
20020146
20020147
20020175
20020346
20020404
20020405
20708563
20020843
20020845
20020890
20020891
20001051
